H Ι S T O Ι R E. 61
Etat de l’Athmosphere pour chaque mois des ειηηὲες
1772 “- 1777-

 

 

 

 

 

 

 

 

 

 

 

 

 

 

 

 

 

 

 

 

 

 

 

 

 

 

 

 

 

 

 

 

 

 

 

 

 

 

 

 

 

 

 

 

 

 

 

 

 

 

 

 

 

 

 

 

 

 

 

 

 

 

 

 

 

 

 

 

 

 

 

 

 

 

 

 

 

 

 

{f} ¹ 1 1ἐ Οἰῑεξὶίοη du Vent. 11ξξ Ξ1 11 1 1
ίἓΞ-ῑῑὲἓχῃξΜξξ ,1.ἓὲἓξ,
{³:337} Ὄὸξξζᾷεξςξὲἕῳ
ΑΜὲἓΜΒΈὶῬΙὲὯὲἠέἓὲἓβ
Janvier.
1772· 4 7 11 ς2>1131 6 4 3 1 81 3 0116 14 0 0 13l
1773· 6 20 3116 ¹4 0 0 0 01 3 712 13 5 2 11⁴»
1774 5 17 6 31 8 s 2 1 1 4 1 4¹10 16 6 0 ¹3¹
1775, 0 10 910 ιΙ 0 4 11 2 61 7Ι 5 18 6¹ 1 ιΞ1
1776h 5 18 5 3 5 6 6, 0 0 01 8¹ 5} 9 13 3 61
1777.1 1 15.12 3ξ 8 1 3 5 3 2 2 7Ι 6 18 51 1 10
mxu-ier.
1772 '1 16 10 2⁴3 9 5 ι 0 0 5 4 ¹¹7 6 8¹ 0 10
3 4 12 9 3³ 91 3 0 3 0 0 413131181810 11
4 1 11 12 415 ·1 0 ο 2 5 5 814 16 5 3 12
5 119 ¹3 514. 9 0 0 2 614 3 411711 2 13
6 1 14 10 41 1 1 0 6 10 6 4 1 1 16 2 1
7 61ι6 5 ι1ιι1 5 ι1ι 1 3 ,31 ς ¹4 5 ο 16
h 3 Mars.

